Tiempo;Dif(amp);Dif(fase);GND;Dif_2(fase);Dif_2(amp);Dif_1(fase);Dif_1(amp);Volt_Bat
0.0;0.0;0.0;0.0;0.0;0.0;0.0;0.0;0.0
0.2870798110961914;-0.020621556788682938;0.009673054330050945;0.14241856336593628;0.22569221258163452;0.2245958149433136;0.1731940060853958;0.7080646753311157;0.06897365301847458
0.6111068725585938;0.030013173818588257;0.02508862316608429;0.05258742347359657;0.07054131478071213;0.05479820445179939;0.0316125750541687;0.7302473187446594;0.06899520754814148
0.9335520267486572;0.03003353253006935;0.02517964132130146;0.05255688726902008;0.07040359079837799;0.054528143256902695;0.03149940073490143;0.7360084056854248;0.06897424906492233
1.2564148902893066;0.03011556901037693;0.02530958130955696;0.05255808308720589;0.07026826590299606;0.05447544902563095;0.03139101713895798;0.7310676574707031;0.06896945834159851
1.5789709091186523;0.03027784451842308;0.02538922242820263;0.05259580910205841;0.07051317393779755;0.05445209518074989;0.03113652765750885;0.7210610508918762;0.06895748525857925
1.9016478061676025;0.030264072120189667;0.025243712589144707;0.0525389239192009;0.07043413072824478;0.05431916192173958;0.031262874603271484;0.7163580656051636;0.06895089894533157
2.2234339714050293;0.03016706556081772;0.025299401953816414;0.05254970118403435;0.07011077553033829;0.05421197786927223;0.03113413229584694;0.7192969918251038;0.06898622959852219
2.546172857284546;0.030316168442368507;0.02558622695505619;0.05249341204762459;0.07004071772098541;0.053933534771203995;0.03114910237491131;0.7147377133369446;0.06898383051156998
2.8689539432525635;0.03048323281109333;0.025579042732715607;0.052661675959825516;0.07009700685739517;0.05380957946181297;0.03133054077625275;0.7129467129707336;0.06897125393152237
3.1917028427124023;0.030211975798010826;0.02537185698747635;0.05260179564356804;0.07002155482769012;0.053922154009342194;0.03141137585043907;0.7258461117744446;0.06895808130502701
3.514431953430176;0.03013293445110321;0.025305388495326042;0.05260658636689186;0.06970000267028809;0.05380299314856529;0.03137245401740074;0.7281047701835632;0.068968266248703
3.8371498584747314;0.030199401080608368;0.025293413549661636;0.05257664620876312;0.06968683004379272;0.05371556803584099;0.031037723645567894;0.7300838232040405;0.06896647065877914
4.159910678863525;0.030650299042463303;0.025303592905402184;0.05276826396584511;0.0697568878531456;0.053777243942022324;0.03117125667631626;0.7352089881896973;0.06893053650856018
4.482666015625;0.030432933941483498;0.025165269151329994;0.05281796306371689;0.06978382915258408;0.05388622730970383;0.031016167253255844;0.7324066162109375;0.06895269453525543
4.805384635925293;0.030477246269583702;0.025079641491174698;0.052700597792863846;0.0696910172700882;0.05386945977807045;0.031224550679326057;0.7356562614440918;0.06895329058170319
5.1281280517578125;0.03032934106886387;0.024991018697619438;0.05273353308439255;0.06937664747238159;0.053630538284778595;0.031201796606183052;0.7323412895202637;0.06895209848880768
5.450850009918213;0.030616765841841698;0.024983832612633705;0.05270359292626381;0.06919880211353302;0.053608983755111694;0.03124850243330002;0.7339143753051758;0.06895928084850311
5.773643970489502;0.030616167932748795;0.025004791095852852;0.05281556770205498;0.06938682496547699;0.05366886407136917;0.030981436371803284;0.7298239469528198;0.06893293559551239
6.096351623535156;0.030565869063138962;0.02481856197118759;0.05281556770205498;0.06931257247924805;0.05371377244591713;0.03108922205865383;0.733731746673584;0.06892335414886475
6.419090270996094;0.030698802322149277;0.024694012477993965;0.05276826396584511;0.06900838017463684;0.053661078214645386;0.03096586838364601;0.730757474899292;0.06893772631883621
6.741826057434082;0.030865268781781197;0.024702394381165504;0.05272994190454483;0.0689898207783699;0.05367305502295494;0.031053293496370316;0.7309874296188354;0.06893832236528397
7.064584732055664;0.030873652547597885;0.02483353205025196;0.05281556770205498;0.06903473287820816;0.053552694618701935;0.03132694587111473;0.7312394976615906;0.06894072145223618
7.387357711791992;0.03055029921233654;0.024665867909789085;0.05280958116054535;0.06909041851758957;0.05374550819396973;0.030876047909259796;0.7258179783821106;0.06893353164196014
7.710044860839844;0.030638324096798897;0.024553293362259865;0.052735328674316406;0.06894011795520782;0.05352814495563507;0.030862275511026382;0.7305850386619568;0.06894131749868393
8.032808303833008;0.030762873589992523;0.024611378088593483;0.05266527086496353;0.06865209341049194;0.05338862165808678;0.030838921666145325;0.728401780128479;0.06893293559551239
8.355549812316895;0.030925149098038673;0.02457365207374096;0.05277305468916893;0.06859461218118668;0.053496405482292175;0.030763473361730576;0.7257808446884155;0.068935327231884
8.678288459777832;0.030783234164118767;0.024421557784080505;0.05274910107254982;0.06869341433048248;0.053652696311473846;0.03091377206146717;0.7275885939598083;0.06892694532871246
9.00107192993164;0.030649101361632347;0.02433832362294197;0.05272335186600685;0.068633534014225;0.05329161509871483;0.03090718574821949;0.7287856340408325;0.06891856342554092
9.323793411254883;0.030480239540338516;0.024410178884863853;0.052598804235458374;0.06837724894285202;0.05329640582203865;0.03098083846271038;0.7297179698944092;0.06891856342554092
9.646527290344238;0.030482035130262375;0.024534132331609726;0.05270778387784958;0.06824491173028946;0.053122155368328094;0.03126826509833336;0.7291155457496643;0.06894551217556
9.969273567199707;0.030462874099612236;0.02460838295519352;0.05281556770205498;0.06847664713859558;0.053165268152952194;0.031161677092313766;0.7278329133987427;0.06891197711229324
10.292057991027832;0.030411377549171448;0.02451137639582157;0.052713774144649506;0.06839341670274734;0.053223952651023865;0.03118203580379486;0.729407787322998;0.06891018152236938
10.614771842956543;0.030459880828857422;0.024312574416399002;0.05267185717821121;0.06815389543771744;0.05313772335648537;0.0312227550894022;0.7299401164054871;0.06887605041265488
10.93752384185791;0.03049640730023384;0.024301797151565552;0.05263473093509674;0.0679628774523735;0.053338322788476944;0.030914969742298126;0.727927565574646;0.068912573158741
11.260239601135254;0.03075149655342102;0.024125149473547935;0.05277904123067856;0.06789880245923996;0.05329401046037674;0.03105449117720127;0.7285065650939941;0.06890598684549332
11.582969665527344;0.030700000002980232;0.02404850348830223;0.05272574722766876;0.06808922439813614;0.0533287413418293;0.031037723645567894;0.7258539199829102;0.06889940053224564
11.90575885772705;0.030440717935562134;0.024125749245285988;0.05269042029976845;0.06792634725570679;0.05306287482380867;0.030793413519859314;0.7207521200180054;0.06891077756881714
12.228449821472168;0.030482634902000427;0.02409580908715725;0.05260059982538223;0.06787604838609695;0.053064070641994476;0.0308988019824028;0.7260257601737976;0.06892155855894089
12.55119514465332;0.03064131736755371;0.024213772267103195;0.052589818835258484;0.06786706298589706;0.053024549037218094;0.03112993948161602;0.7189041972160339;0.06892335414886475
12.873953819274902;0.030516168102622032;0.02431437186896801;0.05265868082642555;0.06798861920833588;0.05296047776937485;0.03102215565741062;0.7106035947799683;0.06889999657869339
13.196698188781738;0.030536526814103127;0.02416706643998623;0.05270538851618767;0.06800179928541183;0.053022753447294235;0.030958084389567375;0.7025101780891418;0.06888622790575027
13.519486427307129;0.03053293377161026;0.023953892290592194;0.052631136029958725;0.06785449385643005;0.05302395299077034;0.031068263575434685;0.7060299515724182;0.06891796737909317
13.84220027923584;0.03068443201482296;0.02402455173432827;0.05261556804180145;0.06772275269031525;0.053014371544122696;0.03124850243330002;0.6991353034973145;0.06890718638896942
14.164945602416992;0.03047904185950756;0.024116167798638344;0.05264490842819214;0.0676916167140007;0.0529826357960701;0.0311580840498209;0.7035802602767944;0.06890419125556946
14.48769760131836;0.030376048758625984;0.024168862029910088;0.05263712629675865;0.0678413137793541;0.053014371544122696;0.03144371137022972;0.7097958326339722;0.06889401376247406
14.81047248840332;0.030067065730690956;0.023982036858797073;0.052642516791820526;0.06768263131380081;0.05295209586620331;0.031418561935424805;0.7077053785324097;0.06891077756881714
15.13319206237793;0.030131136998534203;0.02394251525402069;0.052540119737386703;0.06750059872865677;0.05282514914870262;0.03143952041864395;0.6914587020874023;0.06889760494232178
15.455910682678223;0.03015209548175335;0.024091018363833427;0.05241856351494789;0.06743772327899933;0.05272694677114487;0.0310934130102396;0.6920311450958252;0.0688910186290741
15.778653144836426;0.03024730458855629;0.024067066609859467;0.052594609558582306;0.06763173639774323;0.052845507860183716;0.03130538761615753;0.6985191702842712;0.06888861954212189
16.101421356201172;0.030207185074687004;0.023976048454642296;0.052583832293748856;0.06754371523857117;0.052799999713897705;0.03132215514779091;0.707359254360199;0.06889640539884567
16.42418670654297;0.030111975967884064;0.023931138217449188;0.05255269631743431;0.06715748459100723;0.0527455098927021;0.03126227483153343;0.7105844020843506;0.06890718638896942
16.746885299682617;0.03022814355790615;0.024042515084147453;0.05252634733915329;0.06731856614351273;0.05268682539463043;0.03136526793241501;0.7083544731140137;0.06888023763895035
17.069608688354492;0.030259881168603897;0.024120358750224113;0.052582036703825;0.06743652373552322;0.05269341170787811;0.031479641795158386;0.7099053859710693;0.0688820332288742
17.392370223999023;0.030068863183259964;0.024090418592095375;0.05266706645488739;0.06749939918518066;0.05273652821779251;0.031332336366176605;0.7141910195350647;0.06889401376247406
17.71509552001953;0.03024131804704666;0.02388862334191799;0.05260898172855377;0.06741676479578018;0.05264131724834442;0.031310178339481354;0.7211897969245911;0.0689011961221695
18.037885665893555;0.030177844688296318;0.0238580834120512;0.05259760469198227;0.06711556762456894;0.05258083716034889;0.03137245401740074;0.720414400100708;0.0689137727022171
18.3605899810791;0.030293412506580353;0.02403532899916172;0.052579641342163086;0.06735090166330338;0.05286227539181709;0.031016167253255844;0.7211359143257141;0.06888622790575027
18.68332290649414;0.03054131753742695;0.02396586909890175;0.05251377075910568;0.06748802214860916;0.05291616916656494;0.031029939651489258;0.7207778692245483;0.06888981908559799
19.006084442138672;0.03030359372496605;0.02382335253059864;0.05253053829073906;0.06752215325832367;0.05295688658952713;0.030986826866865158;0.7167179584503174;0.0688820332288742
19.328866958618164;0.03047904185950756;0.023787425830960274;0.0523778460919857;0.0672796443104744;0.052862875163555145;0.031012574210762978;0.7024382948875427;0.06889580935239792
19.651554107666016;0.030416766181588173;0.023850299417972565;0.052425749599933624;0.06730598956346512;0.052814971655607224;0.030977245420217514;0.7030209302902222;0.06889820098876953
19.974323272705078;0.030556287616491318;0.02384970150887966;0.05259700492024422;0.0673898234963417;0.05275209620594978;0.031007785350084305;0.6924646496772766;0.06886107474565506
20.29704475402832;0.030373653396964073;0.023952694609761238;0.05257425084710121;0.06737305223941803;0.05282275378704071;0.031092815101146698;0.6982682347297668;0.06887365132570267
20.619802474975586;0.03028023988008499;0.023689819499850273;0.05247245356440544;0.06733652949333191;0.05288982018828392;0.030943114310503006;0.6965131759643555;0.06888382881879807
20.942596435546875;0.030566466972231865;0.023726945742964745;0.052352096885442734;0.06694132089614868;0.05272515118122101;0.030966466292738914;0.7006227374076843;0.06888323277235031
21.265291213989258;0.030464671552181244;0.023859281092882156;0.05248982086777687;0.06713832169771194;0.05271017923951149;0.031116167083382607;0.7030940055847168;0.0688820332288742
21.588048934936523;0.030525747686624527;0.023840120062232018;0.05252993851900101;0.06728682667016983;0.05285149812698364;0.030982036143541336;0.6993443369865417;0.06886167824268341
21.910764694213867;0.03027305379509926;0.023619161918759346;0.05257245525717735;0.06739221513271332;0.05282215401530266;0.03124670684337616;0.6984478831291199;0.06887844204902649
22.233510971069336;0.030173053964972496;0.023656288161873817;0.052570659667253494;0.06713173538446426;0.052806586027145386;0.03126467019319534;0.7049419283866882;0.06886287778615952
22.5562801361084;0.030155090615153313;0.023798203095793724;0.05246107652783394;0.06708143651485443;0.052786827087402344;0.03107365220785141;0.6984401345252991;0.06888382881879807
22.878997802734375;0.03048982098698616;0.023810777813196182;0.052642516791820526;0.06730718910694122;0.05278024077415466;0.031269460916519165;0.6897730827331543;0.06885868310928345
23.201744079589844;0.030038323253393173;0.023759881034493446;0.05259640887379646;0.06728862226009369;0.052802395075559616;0.031053293496370316;0.6968029737472534;0.06887724250555038
23.524477005004883;0.030155090615153313;0.023635927587747574;0.052507184445858;0.0672161653637886;0.0527988038957119;0.031338322907686234;0.6938101649284363;0.06887305527925491
23.847274780273438;0.030208982527256012;0.023643113672733307;0.0525389239192009;0.06698742508888245;0.05265029892325401;0.03134610876441002;0.6795592904090881;0.06886347383260727
24.16996955871582;0.030229341238737106;0.023790419101715088;0.052553292363882065;0.06715509295463562;0.05291197448968887;0.031431738287210464;0.6950119733810425;0.06886347383260727
24.492712020874023;0.030165867879986763;0.02363712526857853;0.05263832211494446;0.06726766377687454;0.052953291684389114;0.03147844225168228;0.6978377103805542;0.0688694640994072
24.81548309326172;0.03005928173661232;0.023625748232007027;0.052559878677129745;0.06721197813749313;0.05278802290558815;0.031440120190382004;0.7031999826431274;0.06891137361526489
25.138214111328125;0.029841316863894463;0.02339700609445572;0.05251497030258179;0.06702275574207306;0.052901796996593475;0.03136766329407692;0.6973065733909607;0.06887305527925491
25.460987091064453;0.030179042369127274;0.02352694608271122;0.05223652720451355;0.06700838357210159;0.05297185480594635;0.03106107749044895;0.6957933902740479;0.06887305527925491
25.783723831176758;0.0302604790776968;0.023677844554185867;0.0524526946246624;0.06716466695070267;0.052798204123973846;0.031090419739484787;0.6940209865570068;0.06885628402233124
26.106454849243164;0.030218562111258507;0.02351437136530876;0.05241317301988602;0.0671491026878357;0.05278323218226433;0.03095928207039833;0.6966969966888428;0.06885030120611191
26.429180145263672;0.03016526997089386;0.023460479453206062;0.0524311363697052;0.06695688515901566;0.052763473242521286;0.031062275171279907;0.6934215426445007;0.06886706501245499
26.75196647644043;0.030328743159770966;0.023449700325727463;0.05236167833209038;0.06688083708286285;0.052767064422369;0.03114071860909462;0.6806155443191528;0.06885509192943573
27.074687957763672;0.030229341238737106;0.023527543991804123;0.052447304129600525;0.06701377034187317;0.05283772572875023;0.03127964213490486;0.6820095777511597;0.06885568797588348
27.397409439086914;0.03028023988008499;0.02347724512219429;0.05251497030258179;0.0670425146818161;0.052864670753479004;0.031081436201930046;0.6871718764305115;0.06885988265275955
27.72014808654785;0.03026287443935871;0.023357484489679337;0.0524425134062767;0.06663592904806137;0.052648503333330154;0.031062275171279907;0.6867706775665283;0.06885389238595963
28.04290771484375;0.030170658603310585;0.02337365224957466;0.0524311363697052;0.06687425076961517;0.052750300616025925;0.031228143721818924;0.6822910308837891;0.06886467337608337
28.36567497253418;0.03025209531188011;0.023452095687389374;0.05230778455734253;0.0668257474899292;0.05276886373758316;0.031223352998495102;0.6830466985702515;0.06885568797588348
28.688369750976562;0.030281437560915947;0.023497605696320534;0.0524209588766098;0.06701796501874924;0.05285568907856941;0.03116227500140667;0.6827275156974792;0.06883352994918823
29.011125564575195;0.029925748705863953;0.023320360109210014;0.052256885915994644;0.06702155619859695;0.05310838297009468;0.031431738287210464;0.6836652755737305;0.06884011626243591
29.33385467529297;0.029999999329447746;0.023093413561582565;0.052319761365652084;0.06679461151361465;0.052696406841278076;0.031181437894701958;0.682256281375885;0.06884431093931198
29.656606674194336;0.030081437900662422;0.023422155529260635;0.052274253219366074;0.06678562611341476;0.05279939994215965;0.031310178339481354;0.6867383122444153;0.06885209679603577
29.979381561279297;0.03015449084341526;0.023232335224747658;0.052308980375528336;0.06690239161252975;0.052865270525217056;0.03126047924160957;0.678217351436615;0.06884191930294037
30.302085876464844;0.029919162392616272;0.02324371226131916;0.052406586706638336;0.06691078096628189;0.052908383309841156;0.031171856448054314;0.685230553150177;0.06885628402233124
30.624826431274414;0.029796406626701355;0.02318323403596878;0.05228443071246147;0.06684550642967224;0.052940718829631805;0.03106706589460373;0.6866964101791382;0.0688706561923027
30.947574615478516;0.030134132131934166;0.023068862035870552;0.052211977541446686;0.06672455370426178;0.05299640819430351;0.03117964044213295;0.6867143511772156;0.06884431093931198
31.270353317260742;0.029999401420354843;0.02341017872095108;0.05237964168190956;0.0667077824473381;0.05306706577539444;0.03123592771589756;0.6764179468154907;0.06883113831281662
31.593088150024414;0.030013173818588257;0.023056887090206146;0.05238562822341919;0.06689760833978653;0.05298443138599396;0.031347304582595825;0.683232307434082;0.0688275471329689
31.915800094604492;0.02994490973651409;0.023123951628804207;0.052356887608766556;0.06687844544649124;0.05288922041654587;0.031243711709976196;0.6900874376296997;0.06882394850254059
32.23854446411133;0.03002035990357399;0.023131735622882843;0.05219820514321327;0.06668443232774734;0.05291976034641266;0.031117364764213562;0.6775215864181519;0.06885509192943573
32.56130599975586;0.030285030603408813;0.023184431716799736;0.05235568806529045;0.06654311716556549;0.05281377211213112;0.031217964366078377;0.6798826456069946;0.06885329633951187
32.884071350097656;0.029962874948978424;0.02328682690858841;0.05231616646051407;0.06681018322706223;0.05280778557062149;0.031256288290023804;0.684261679649353;0.06884251534938812
33.20677185058594;0.02985149621963501;0.023235328495502472;0.052343711256980896;0.0667712539434433;0.052767664194107056;0.031284432858228683;0.6883646845817566;0.06883832067251205
33.529544830322266;0.02998143620789051;0.0230251494795084;0.052247304469347;0.06668861955404282;0.05283832177519798;0.031167665496468544;0.6884419322013855;0.06884251534938812
33.852256774902344;0.030005987733602524;0.02305089868605137;0.05215149745345116;0.06654311716556549;0.05279281362891197;0.03122694604098797;0.6713413000106812;0.06883712857961655
34.1750373840332;0.030103592202067375;0.02287125773727894;0.051961079239845276;0.06607185304164886;0.05265389382839203;0.03116227500140667;0.6773826479911804;0.06882993876934052
34.49778747558594;0.030241915956139565;0.02261616848409176;0.05207245424389839;0.06656526774168015;0.05259760469198227;0.03126227483153343;0.6873790621757507;0.06881916522979736
34.82053756713867;0.02970898151397705;0.022745508700609207;0.052232932299375534;0.06615389138460159;0.0526580847799778;0.031328145414590836;0.6854766607284546;0.06884551048278809
35.143245697021484;0.030059879645705223;0.02302275411784649;0.05212155729532242;0.06654610484838486;0.05278143659234047;0.030943114310503006;0.6861544847488403;0.06884011626243591
35.466007232666016;0.03016706556081772;0.023176047950983047;0.052179642021656036;0.06653353571891785;0.05275149643421173;0.031141316518187523;0.6862844228744507;0.06883054226636887
35.78877639770508;0.03025149740278721;0.023162873461842537;0.05240778625011444;0.06679102033376694;0.052823953330516815;0.03100419230759144;0.6961084008216858;0.0688251480460167
36.111488342285156;0.030199401080608368;0.02310718595981598;0.05235389247536659;0.06670718640089035;0.05281257629394531;0.031031737104058266;0.6916449069976807;0.06881556659936905
36.43424987792969;0.030227545648813248;0.023026347160339355;0.05230538919568062;0.06658023595809937;0.052888624370098114;0.03106107749044895;0.6851329207420349;0.06882394850254059
36.756988525390625;0.030279042199254036;0.02307245507836342;0.05221017822623253;0.06653892248868942;0.052754491567611694;0.03116227500140667;0.6869287490844727;0.0688491016626358
37.079734802246094;0.030235927551984787;0.02326107770204544;0.052299998700618744;0.06655628979206085;0.05278323218226433;0.03144850209355354;0.6961928009986877;0.06881676614284515
37.40251922607422;0.030043113976716995;0.023260479792952538;0.05224969983100891;0.06668682396411896;0.05265389382839203;0.031208382919430733;0.694632351398468;0.06881137937307358
37.7252197265625;0.029899999499320984;0.02309640683233738;0.05226706713438034;0.06661377102136612;0.052730537950992584;0.031164072453975677;0.6859982013702393;0.06882096081972122
38.047969818115234;0.029833532869815826;0.023063473403453827;0.05216646566987038;0.06650299578905106;0.052723951637744904;0.031310778111219406;0.682604193687439;0.06882814317941666
38.3707160949707;0.029834730550646782;0.023201197385787964;0.05216706544160843;0.06651078164577484;0.05275089666247368;0.031219759956002235;0.6924634575843811;0.06881377100944519
38.693450927734375;0.029846107587218285;0.023182036355137825;0.0522359274327755;0.0666317343711853;0.05278982222080231;0.031305987387895584;0.6899946331977844;0.0688149705529213
39.016239166259766;0.029733533039689064;0.0229712575674057;0.05215149745345116;0.06669221818447113;0.05282215401530266;0.031254492700099945;0.6945353150367737;0.06881437450647354
39.33895492553711;0.029710179194808006;0.023014970123767853;0.05208263546228409;0.06645029783248901;0.052758682519197464;0.03129640594124794;0.6830036044120789;0.06882814317941666
39.66169738769531;0.02972814440727234;0.023056287318468094;0.05208323523402214;0.06650718301534653;0.05273652821779251;0.031306587159633636;0.6904826164245605;0.06883472949266434
39.98444366455078;0.029606586322188377;0.02315928228199482;0.052211977541446686;0.06656287610530853;0.05268682539463043;0.03133712708950043;0.683432936668396;0.06880418956279755
40.307220458984375;0.02968323417007923;0.023173054680228233;0.05219101905822754;0.06661617010831833;0.05278024077415466;0.03133772313594818;0.6821802258491516;0.06880838423967361
40.62992858886719;0.029673054814338684;0.023002993315458298;0.052116166800260544;0.06654850393533707;0.05271736532449722;0.031267065554857254;0.677042543888092;0.06881976127624512
40.95268630981445;0.029748503118753433;0.02282155677676201;0.05211257562041283;0.06635808199644089;0.05271197482943535;0.03127964213490486;0.6833999752998352;0.06882394850254059
41.27540969848633;0.02977185696363449;0.023169461637735367;0.052173055708408356;0.0663934126496315;0.052609581500291824;0.031399402767419815;0.6799371242523193;0.06881257146596909
41.59813690185547;0.02973233535885811;0.023162275552749634;0.05223413184285164;0.06665089726448059;0.05278323218226433;0.03133712708950043;0.6675856113433838;0.06881736218929291
41.920928955078125;0.029671257361769676;0.02300598844885826;0.05219940096139908;0.06648862361907959;0.052711378782987595;0.031105389818549156;0.668084442615509;0.0688059851527214
42.24363327026367;0.02978023886680603;0.02302934043109417;0.05204790458083153;0.0664251521229744;0.052676647901535034;0.031237125396728516;0.6678772568702698;0.06882155686616898
42.56639862060547;0.029879041016101837;0.02317664586007595;0.05212215706706047;0.06628862023353577;0.05260838195681572;0.031468264758586884;0.6769311428070068;0.06881017982959747
42.889156341552734;0.029768861830234528;0.023158084601163864;0.0522359274327755;0.0665760487318039;0.052611976861953735;0.03133532777428627;0.6738263368606567;0.06879700720310211
43.21189880371094;0.029586227610707283;0.023322155699133873;0.052170660346746445;0.06661736220121384;0.052570659667253494;0.0313413180410862;0.6712179780006409;0.06879939883947372
43.5346565246582;0.029727544635534286;0.02305988036096096;0.052122753113508224;0.06652215868234634;0.0527341328561306;0.031440120190382004;0.675688624382019;0.06880359351634979
43.85737991333008;0.029638921841979027;0.022920958697795868;0.05218203738331795;0.06635449081659317;0.05252993851900101;0.031390417367219925;0.6734820604324341;0.0688161700963974
44.180110931396484;0.029699401929974556;0.023214969784021378;0.05228443071246147;0.06633233278989792;0.05253951996564865;0.03133772313594818;0.6789239645004272;0.06879880279302597
44.50284194946289;0.02980838343501091;0.023234130814671516;0.052231136709451675;0.06650479137897491;0.05259580910205841;0.03128502890467644;0.6658545136451721;0.06881916522979736
44.82563400268555;0.02975449152290821;0.02302934043109417;0.05215269327163696;0.06650000065565109;0.05255389213562012;0.03136107698082924;0.6735868453979492;0.06879042088985443
45.148345947265625;0.029677245765924454;0.023052694275975227;0.05210958048701286;0.06641137599945068;0.05261077731847763;0.03129700571298599;0.6688209772109985;0.06878862529993057
45.47108840942383;0.030001796782016754;0.023194611072540283;0.052077844738960266;0.06638862192630768;0.05262155830860138;0.031397007405757904;0.6772383451461792;0.06883293390274048
45.79384231567383;0.029967065900564194;0.023116765543818474;0.052299998700618744;0.06659460812807083;0.05264071747660637;0.03133952245116234;0.6751018166542053;0.06880239397287369
46.11656951904297;0.029825149103999138;0.023201797157526016;0.052295807749032974;0.06648503243923187;0.052624549716711044;0.03122694604098797;0.6757071614265442;0.06879760324954987
46.4393424987793;0.0298598799854517;0.023089220747351646;0.0522574856877327;0.06632155925035477;0.052642516791820526;0.031194012612104416;0.6775844097137451;0.0688059851527214
46.76205062866211;0.02995089814066887;0.023056887090206146;0.05219041928648949;0.06633173674345016;0.05258862301707268;0.03155209496617317;0.6828287243843079;0.06880958378314972
47.08479309082031;0.02984311431646347;0.023205388337373734;0.05227365344762802;0.06642454862594604;0.052611976861953735;0.03147245571017265;0.6798520684242249;0.06879580765962601
47.40751647949219;0.029819760471582413;0.023220358416438103;0.05227724462747574;0.06652514636516571;0.052492816001176834;0.03143652528524399;0.6758928298950195;0.06879221647977829
47.730255126953125;0.029677843675017357;0.02318502962589264;0.05231377109885216;0.06649640947580338;0.05253951996564865;0.031410180032253265;0.6848545074462891;0.06879640370607376
48.05303955078125;0.029625149443745613;0.02313532866537571;0.05227844417095184;0.06632574647665024;0.052503593266010284;0.03150060027837753;0.6836287379264832;0.06879880279302597
48.375762939453125;0.02971736527979374;0.023374252021312714;0.05218443274497986;0.06632694602012634;0.05248143896460533;0.03149580955505371;0.6847251653671265;0.06880418956279755
48.698482513427734;0.02972634695470333;0.023423952981829643;0.05228143557906151;0.06649760156869888;0.052412573248147964;0.0314934141933918;0.6856281161308289;0.06878802180290222
49.021236419677734;0.02956167608499527;0.023246707394719124;0.05231257528066635;0.06654371321201324;0.05249341204762459;0.031340718269348145;0.691130518913269;0.06881437450647354
49.34402847290039;0.029740719124674797;0.023192813619971275;0.052140720188617706;0.06641137599945068;0.05250239372253418;0.031217364594340324;0.6943275332450867;0.06879820674657822
49.666748046875;0.029870059341192245;0.023152096197009087;0.052150897681713104;0.0662538930773735;0.05240359157323837;0.03135509043931961;0.6826329231262207;0.06878742575645447
49.989471435546875;0.029794011265039444;0.02321796491742134;0.0523664653301239;0.06633652746677399;0.05243832245469093;0.031557485461235046;0.6877024173736572;0.06878383457660675
50.31222152709961;0.029746705666184425;0.023052694275975227;0.05244371294975281;0.06645388901233673;0.052538324147462845;0.031743112951517105;0.6827203631401062;0.06878682971000671
50.634979248046875;0.029558682814240456;0.023041317239403725;0.052400000393390656;0.06633173674345016;0.0523982048034668;0.031758084893226624;0.6842401027679443;0.06880958378314972
50.957740783691406;0.02948383241891861;0.023129940032958984;0.05230419337749481;0.066047303378582;0.052428144961595535;0.03191916272044182;0.6790712475776672;0.06879820674657822
51.28044891357422;0.02965928055346012;0.023220358416438103;0.05247604846954346;0.06609641015529633;0.052362874150276184;0.03199101611971855;0.671992838382721;0.06878742575645447
51.60319519042969;0.02959640696644783;0.023198802024126053;0.05245568975806236;0.06641317158937454;0.05238862335681915;0.03188862279057503;0.6855568885803223;0.06879101693630219
51.925941467285156;0.02957904152572155;0.02309221588075161;0.052410777658224106;0.0663401186466217;0.052287425845861435;0.031743112951517105;0.6852455139160156;0.06879521161317825
52.248680114746094;0.02942335419356823;0.02318742498755455;0.05239041894674301;0.0661676675081253;0.05231377109885216;0.03170539066195488;0.679688036441803;0.06879700720310211
52.57148742675781;0.02944730594754219;0.023090418428182602;0.05231257528066635;0.06607545167207718;0.052356887608766556;0.03165928274393082;0.6783137917518616;0.06879101693630219
52.8941764831543;0.029674850404262543;0.02330179698765278;0.052298203110694885;0.06629520654678345;0.052244313061237335;0.03170119598507881;0.6702131628990173;0.06878383457660675
53.216957092285156;0.029541317373514175;0.023311376571655273;0.05218921974301338;0.0662628710269928;0.052216168493032455;0.03147784247994423;0.6849563121795654;0.06880119442939758
53.53966522216797;0.029619161039590836;0.023131735622882843;0.05220179632306099;0.06624311208724976;0.0521497018635273;0.03159760311245918;0.6718221306800842;0.06879401206970215
53.862464904785156;0.029692813754081726;0.023225748911499977;0.05234910175204277;0.06610359251499176;0.0521065853536129;0.031637124717235565;0.6733275651931763;0.06878383457660675
54.18516540527344;0.029943114146590233;0.02333652786910534;0.05234311521053314;0.06611676514148712;0.052207186818122864;0.031498800963163376;0.6757580637931824;0.0687844306230545
54.507911682128906;0.030005987733602524;0.02336706593632698;0.052445508539676666;0.06624431163072586;0.05225149542093277;0.03161856159567833;0.6704287528991699;0.0687832310795784
54.83067321777344;0.02952514961361885;0.02314431220293045;0.052479639649391174;0.0662946105003357;0.05226407200098038;0.03166047856211662;0.6888526678085327;0.06878981739282608
55.15342330932617;0.02964191697537899;0.023134730756282806;0.05231257528066635;0.06617964059114456;0.05231916159391403;0.031548503786325455;0.6857078075408936;0.06878682971000671
55.4761848449707;0.02979281358420849;0.0230898205190897;0.05220479145646095;0.06615868210792542;0.05238562822341919;0.03153233602643013;0.6839203834533691;0.06878563016653061
55.79888916015625;0.029834730550646782;0.023212574422359467;0.052395209670066833;0.06631976366043091;0.05228682607412338;0.03156048059463501;0.672380268573761;0.06877724826335907
56.12165069580078;0.029619760811328888;0.02321137674152851;0.05230838432908058;0.06626227498054504;0.052299998700618744;0.03149940073490143;0.6831634640693665;0.0687718540430069
56.444374084472656;0.02971077896654606;0.023089220747351646;0.05227065831422806;0.06632634997367859;0.05242874100804329;0.0317101813852787;0.690245509147644;0.06878622621297836
56.76716995239258;0.029524551704525948;0.023203592747449875;0.052371855825185776;0.06623473018407822;0.05234730616211891;0.031632933765649796;0.6852862238883972;0.06881017982959747
57.08986282348633;0.02980179712176323;0.023196406662464142;0.05245988070964813;0.06617065519094467;0.052395209670066833;0.03162155672907829;0.6806790232658386;0.06875928491353989
57.41261291503906;0.029829341918230057;0.02317844331264496;0.05241317301988602;0.06633053719997406;0.052447304129600525;0.03148083761334419;0.6686904430389404;0.06878981739282608
57.73537063598633;0.029802994802594185;0.023241916671395302;0.052436526864767075;0.06633053719997406;0.052330538630485535;0.03133592754602432;0.6856838464736938;0.0687718540430069
58.05812454223633;0.029967663809657097;0.023004790768027306;0.05231916159391403;0.066102996468544;0.05236826464533806;0.03142634779214859;0.6846365332603455;0.06879401206970215
58.380882263183594;0.02992095798254013;0.023170659318566322;0.052367065101861954;0.06611856073141098;0.052328143268823624;0.031729940325021744;0.6910886168479919;0.06879162043333054
58.70361328125;0.029828742146492004;0.023146705701947212;0.052518561482429504;0.06626586616039276;0.052401795983314514;0.031656887382268906;0.6891568899154663;0.06881556659936905
59.02635192871094;0.029733533039689064;0.023137126117944717;0.05254431068897247;0.06628682464361191;0.05240898206830025;0.03174790367484093;0.6878724694252014;0.06876766681671143
59.34907913208008;0.029689820483326912;0.023024551570415497;0.05244431272149086;0.06616047769784927;0.05234970152378082;0.03169940039515495;0.6900856494903564;0.06878502666950226
59.67181396484375;0.02973712608218193;0.02304011955857277;0.05244431272149086;0.06611976027488708;0.05234730616211891;0.03174251317977905;0.6914748549461365;0.06876946240663528
59.994598388671875;0.029681436717510223;0.023253293707966805;0.05253293365240097;0.0661754459142685;0.052380237728357315;0.031764671206474304;0.687764048576355;0.06876646727323532
60.31730651855469;0.029823951423168182;0.023228144273161888;0.05258742347359657;0.06623053550720215;0.05232754349708557;0.03176407143473625;0.6854532957077026;0.06876706331968307
60.640079498291016;0.029669461771845818;0.023076646029949188;0.05248503014445305;0.06618742644786835;0.05238143727183342;0.031671855598688126;0.682398796081543;0.06877904385328293
60.96280288696289;0.029727544635534286;0.023035328835248947;0.05245628580451012;0.0660790428519249;0.05231437087059021;0.031654492020606995;0.6872323155403137;0.06877963989973068
61.28561019897461;0.029828742146492004;0.023267066106200218;0.05246227607131004;0.06618084013462067;0.0523562878370285;0.031693413853645325;0.6898748278617859;0.06877125799655914
61.60830307006836;0.02979760430753231;0.02323293499648571;0.052523352205753326;0.06628862023353577;0.052259281277656555;0.031665269285440445;0.6779119968414307;0.06874311715364456
61.93103790283203;0.029674850404262543;0.023244909942150116;0.05259281396865845;0.06619580835103989;0.052051495760679245;0.03167545050382614;0.6858610510826111;0.06875209510326385
62.2537956237793;0.02960718609392643;0.023165268823504448;0.05246586725115776;0.06606107950210571;0.052146706730127335;0.03170299530029297;0.6907634735107422;0.06877066195011139
62.57654571533203;0.02968922071158886;0.02318083867430687;0.05238502845168114;0.06603413075208664;0.05218921974301338;0.03174251317977905;0.6833879947662354;0.06877604871988297
62.899330139160156;0.02974371239542961;0.023258084431290627;0.05256586894392967;0.06615149974822998;0.052244313061237335;0.03189999982714653;0.6700640916824341;0.0687628760933876
63.22201919555664;0.02954910136759281;0.023225149139761925;0.052542515099048615;0.0662083849310875;0.052153293043375015;0.031838323920965195;0.6798952221870422;0.06877545267343521
63.54475784301758;0.02954431064426899;0.023201197385787964;0.05247484892606735;0.06612874567508698;0.05246107652783394;0.03171676769852638;0.6847454905509949;0.06877784430980682
63.86748504638672;0.02958562783896923;0.02307485044002533;0.05238143727183342;0.06604611128568649;0.052241917699575424;0.03171796351671219;0.6790401339530945;0.06878502666950226
64.19023132324219;0.029758084565401077;0.023240718990564346;0.05247844383120537;0.06584431231021881;0.05205688625574112;0.031701795756816864;0.6807568669319153;0.06877484917640686
64.51301574707031;0.029805388301610947;0.02304431051015854;0.05244910344481468;0.06593233346939087;0.05228383094072342;0.031779639422893524;0.6915611028671265;0.06875329464673996
64.83573150634766;0.029543112963438034;0.02328682690858841;0.05248802527785301;0.06605628877878189;0.051889222115278244;0.03165149688720703;0.689300000667572;0.06876646727323532
65.15850067138672;0.029614970088005066;0.023145509883761406;0.05234431102871895;0.0657568871974945;0.05198083817958832;0.03165329247713089;0.691125750541687;0.06876946240663528
65.48123168945312;0.029681436717510223;0.02345329336822033;0.05245089903473854;0.0659383237361908;0.05182574689388275;0.031749699264764786;0.6872377395629883;0.06876826286315918
65.80400085449219;0.02977784350514412;0.023417964577674866;0.05252395197749138;0.06610778719186783;0.05196407064795494;0.03171916306018829;0.6859820485115051;0.06873472779989243
66.12672424316406;0.029660478234291077;0.023437725380063057;0.05244670808315277;0.06602275371551514;0.05179041996598244;0.03154910355806351;0.6762604713439941;0.06875928491353989
66.44945526123047;0.02976047992706299;0.023335928097367287;0.052344910800457;0.06608503311872482;0.051943112164735794;0.03161497041583061;0.6862545013427734;0.06876406818628311
66.77217864990234;0.02973473072052002;0.02332335337996483;0.05236826464533806;0.06597006320953369;0.05184490978717804;0.03168802335858345;0.6839730739593506;0.06877784430980682
67.09493255615234;0.02992275357246399;0.02352035976946354;0.052458085119724274;0.06601137667894363;0.05179281532764435;0.031638920307159424;0.6840916275978088;0.06875029951334
67.41771697998047;0.029636526480317116;0.023549700155854225;0.052419163286685944;0.06615988165140152;0.051847904920578;0.03178562968969345;0.6856400966644287;0.06875748187303543
67.74044036865234;0.029568862169981003;0.023405389860272408;0.05246347188949585;0.06614670902490616;0.05182335153222084;0.031663473695516586;0.6764209866523743;0.0687514990568161
68.06316375732422;0.029513172805309296;0.02347484976053238;0.05240898206830025;0.066024549305439;0.05191556736826897;0.031801797449588776;0.6574682593345642;0.06874550879001617
68.38591766357422;0.029618563130497932;0.023636527359485626;0.05232694745063782;0.06599700450897217;0.05173652619123459;0.031803593039512634;0.6556059718132019;0.06875449419021606
68.70864868164062;0.029720358550548553;0.02365688607096672;0.052486225962638855;0.06619221717119217;0.051765866577625275;0.031758084893226624;0.6597209572792053;0.06874610483646393
69.03145599365234;0.029667066410183907;0.02352694608271122;0.05250419303774834;0.06612395495176315;0.05174730718135834;0.03185509145259857;0.6786460876464844;0.06874790787696838
69.3541488647461;0.029407186433672905;0.023486826568841934;0.05244191735982895;0.06610120087862015;0.051887426525354385;0.03193892166018486;0.6765437126159668;0.06876406818628311
69.67691040039062;0.02949880249798298;0.02344490960240364;0.052358683198690414;0.06598024070262909;0.05183832347393036;0.03194550797343254;0.6730149984359741;0.06877125799655914
69.9996337890625;0.029547903686761856;0.023558681830763817;0.052458085119724274;0.06604550778865814;0.051904190331697464;0.031902994960546494;0.6751132011413574;0.06874071806669235
70.32242584228516;0.02959461137652397;0.02356586791574955;0.05252634733915329;0.06614850461483002;0.05186886340379715;0.03188323229551315;0.6723353266716003;0.06873293220996857
70.6451187133789;0.02958562783896923;0.02339281514286995;0.052389223128557205;0.06615748256444931;0.051880836486816406;0.03169940039515495;0.6794030070304871;0.06875089555978775
70.9678726196289;0.029568862169981003;0.023445509374141693;0.052252694964408875;0.0659724548459053;0.05185868218541145;0.031799402087926865;0.6668359041213989;0.06875209510326385
71.29061889648438;0.029676048085093498;0.02352874167263508;0.05232574790716171;0.06596466898918152;0.05188862234354019;0.03191676735877991;0.6680311560630798;0.0687742531299591
71.61333465576172;0.029513172805309296;0.02350718528032303;0.05243173614144325;0.06618563085794449;0.051902394741773605;0.03192155808210373;0.6677970290184021;0.06876347213983536
71.93614959716797;0.0294167660176754;0.023397604003548622;0.05242035910487175;0.06612934172153473;0.05187664553523064;0.03179221600294113;0.6649898290634155;0.06875868141651154
72.25884246826172;0.029396407306194305;0.023372454568743706;0.05233413353562355;0.066024549305439;0.05191916227340698;0.03179221600294113;0.6681401133537292;0.06875568628311157
72.58158111572266;0.029500000178813934;0.02336467057466507;0.05227604880928993;0.06605329364538193;0.051932934671640396;0.031937126070261;0.671472430229187;0.06875509023666382
72.90433502197266;0.02949880249798298;0.023486226797103882;0.052510179579257965;0.06604909896850586;0.05194071680307388;0.031968262046575546;0.6626982092857361;0.06875928491353989
73.2270736694336;0.02936526946723461;0.02347065880894661;0.052468862384557724;0.06624490767717361;0.05200538784265518;0.03203832358121872;0.6647317409515381;0.06874790787696838
73.54984283447266;0.029417365789413452;0.02318083867430687;0.052421558648347855;0.06617125868797302;0.05195089802145958;0.03188323229551315;0.6617425084114075;0.0687604770064354
73.87255096435547;0.029446108266711235;0.02332814410328865;0.05242455005645752;0.06602036207914352;0.051943112164735794;0.031866468489170074;0.664162278175354;0.06875389069318771
74.19528198242188;0.0294497013092041;0.023479042574763298;0.052438922226428986;0.06597604602575302;0.051869459450244904;0.03181317448616028;0.6628784537315369;0.06875568628311157
74.51802062988281;0.029513772577047348;0.02355329319834709;0.052475448697805405;0.0661347284913063;0.051837123930454254;0.03178383409976959;0.669761061668396;0.06874909996986389
74.84082794189453;0.029390418902039528;0.023479042574763298;0.05252395197749138;0.06619760394096375;0.05195029824972153;0.0319473035633564;0.6662245392799377;0.06875868141651154
75.16354370117188;0.029558083042502403;0.023385029286146164;0.0523994006216526;0.06605449318885803;0.05193592980504036;0.03192993998527527;0.6701431274414062;0.06876406818628311
75.48628997802734;0.029563473537564278;0.023491617292165756;0.05237125605344772;0.06607125699520111;0.051874250173568726;0.031968262046575546;0.6715814471244812;0.06875329464673996
75.80903625488281;0.029474850744009018;0.02355748414993286;0.05245508998632431;0.0661778450012207;0.05185748636722565;0.03178742527961731;0.6718395352363586;0.06875868141651154
76.13178253173828;0.02961556799709797;0.023573651909828186;0.052464671432971954;0.06621676683425903;0.05193952098488808;0.03182155638933182;0.6749389171600342;0.06875329464673996
76.45457458496094;0.029525749385356903;0.023426946252584457;0.05243353173136711;0.06604012101888657;0.05185628682374954;0.03180718421936035;0.6740478873252869;0.06875688582658768
76.77728271484375;0.02952275425195694;0.023471256718039513;0.05248263478279114;0.06596646457910538;0.05177963897585869;0.031994011253118515;0.6729879975318909;0.06875748187303543
77.10001373291016;0.029653891921043396;0.023603592067956924;0.052367664873600006;0.06603413075208664;0.05180957913398743;0.031842514872550964;0.6741107702255249;0.06874850392341614
77.42277526855469;0.02968083880841732;0.02358083799481392;0.05244910344481468;0.06620179861783981;0.05189281329512596;0.03186287358403206;0.6737059950828552;0.06875329464673996
77.7455062866211;0.029465869069099426;0.023460479453206062;0.0523766465485096;0.06625808030366898;0.05191018059849739;0.03165628761053085;0.6771628856658936;0.06874670833349228
78.06829071044922;0.02941017970442772;0.023439520969986916;0.052421558648347855;0.06604012101888657;0.05184970051050186;0.03171856328845024;0.6711185574531555;0.06875628978013992
78.39098358154297;0.02969999983906746;0.02357484959065914;0.052473653107881546;0.06608263403177261;0.051898203790187836;0.03186826407909393;0.6705299615859985;0.06875868141651154
78.71375274658203;0.029708383604884148;0.023568863049149513;0.05251077935099602;0.0662209615111351;0.051922157406806946;0.03188443183898926;0.6747443079948425;0.06874191761016846
79.03648376464844;0.02955089882016182;0.023562274873256683;0.05243952199816704;0.06632095575332642;0.0520532950758934;0.031729940325021744;0.6805353164672852;0.06872694939374924
79.35926818847656;0.02963952161371708;0.023472454398870468;0.05229341238737106;0.06616347283124924;0.051846109330654144;0.031814370304346085;0.6753652691841125;0.06873233616352081
79.68199920654297;0.02954910136759281;0.02344670705497265;0.0523335337638855;0.06602934002876282;0.05181317403912544;0.031801797449588776;0.6760886311531067;0.06875329464673996
80.00474548339844;0.029681436717510223;0.023569460958242416;0.05252275615930557;0.0660904198884964;0.05188862234354019;0.03191916272044182;0.6716772317886353;0.06872934103012085
80.32749938964844;0.02946407161653042;0.023544909432530403;0.05247005820274353;0.06614191830158234;0.05187604948878288;0.03169640898704529;0.6665006279945374;0.06875389069318771
80.65023040771484;0.029429340735077858;0.023516766726970673;0.05238443240523338;0.06625628471374512;0.05190179497003555;0.03163233399391174;0.6624047756195068;0.06874610483646393
80.97298431396484;0.029385628178715706;0.023962276056408882;0.05237724632024765;0.06619580835103989;0.05160119757056236;0.03191916272044182;0.6582335233688354;0.06875628978013992
81.29570007324219;0.02939940057694912;0.02410239540040493;0.052174851298332214;0.0664808377623558;0.05175448954105377;0.031760480254888535;0.659658670425415;0.06877066195011139
81.61845397949219;0.029476646333932877;0.024113772436976433;0.05228802561759949;0.06667065620422363;0.05181856453418732;0.031979043036699295;0.6572909951210022;0.06874970346689224
81.94117736816406;0.02927185595035553;0.024001197889447212;0.05227963998913765;0.06657545268535614;0.05175688490271568;0.03188682720065117;0.6560580730438232;0.06875329464673996
82.26395416259766;0.029171856120228767;0.023826347663998604;0.0521724559366703;0.06641796231269836;0.051816169172525406;0.031873054802417755;0.6583245396614075;0.06875988095998764
82.58670806884766;0.0291790422052145;0.023958083242177963;0.05224910005927086;0.06639940291643143;0.05173173546791077;0.031944312155246735;0.6526604890823364;0.06875389069318771
82.90940856933594;0.029344310984015465;0.024050898849964142;0.052326347678899765;0.06645209342241287;0.051711976528167725;0.031913772225379944;0.6584329605102539;0.06874670833349228
83.23219299316406;0.02919401228427887;0.024023951962590218;0.05230299383401871;0.06659281253814697;0.05182814225554466;0.031980838626623154;0.6611263751983643;0.0687299370765686
83.55491638183594;0.029141318053007126;0.02382514998316765;0.052183832973241806;0.06661556661128998;0.05182754620909691;0.03209401294589043;0.6582527160644531;0.06875089555978775
83.87770080566406;0.029080240055918694;0.023785628378391266;0.05217185616493225;0.06643353402614594;0.051934730261564255;0.03194910287857056;0.6624742746353149;0.06874790787696838
84.20039367675781;0.02923053875565529;0.023885030299425125;0.05220898240804672;0.06644850224256516;0.051947902888059616;0.03200119733810425;0.6631101965904236;0.06873712688684464
84.52314758300781;0.029273053631186485;0.02395508997142315;0.05222335457801819;0.06657066196203232;0.05190718546509743;0.031983233988285065;0.6604640483856201;0.06873592734336853
84.84587860107422;0.029162874445319176;0.023898202925920486;0.05225808545947075;0.06654012203216553;0.05188263580203056;0.03179461136460304;0.657468855381012;0.06873413175344467
85.16863250732422;0.029220957309007645;0.02384730614721775;0.052194610238075256;0.06635808199644089;0.0518149696290493;0.03202934190630913;0.6563963890075684;0.06874251365661621
85.49144744873047;0.029312575235962868;0.02388622798025608;0.05216347426176071;0.0663616731762886;0.051735926419496536;0.03206047788262367;0.6602005958557129;0.06874491274356842
85.81415557861328;0.02926526963710785;0.02395089901983738;0.052328143268823624;0.06647125631570816;0.051716167479753494;0.031956885010004044;0.6586388945579529;0.06875688582658768
86.13687896728516;0.029151497408747673;0.023960478603839874;0.05230299383401871;0.06654191762208939;0.051906585693359375;0.031913772225379944;0.6606425046920776;0.06873712688684464
86.45966339111328;0.028994610533118248;0.0237820353358984;0.052289821207523346;0.06648323684930801;0.05185748636722565;0.03201916068792343;0.6655634641647339;0.06874430924654007
86.78242492675781;0.02913113683462143;0.02389460988342762;0.05229281261563301;0.06642994284629822;0.051865268498659134;0.0322287417948246;0.661928117275238;0.06879760324954987
87.10513305664062;0.029056886211037636;0.02420179732143879;0.052430540323257446;0.06641796231269836;0.05162275582551956;0.03220479190349579;0.6578658819198608;0.06874430924654007
87.42787170410156;0.029158683493733406;0.02416107803583145;0.052462875843048096;0.0666419193148613;0.05165030062198639;0.03233173489570618;0.6589838266372681;0.06871796399354935
87.75062561035156;0.029043711721897125;0.02402215637266636;0.0524425134062767;0.06661856174468994;0.05160119757056236;0.032262276858091354;0.6545544862747192;0.06875209510326385
88.0733413696289;0.028981437906622887;0.02408323436975479;0.05228443071246147;0.06638682633638382;0.051618561148643494;0.0322616770863533;0.6612275242805481;0.06875449419021606
88.3961410522461;0.02905149757862091;0.024083832278847694;0.05244610831141472;0.06641197949647903;0.051679641008377075;0.03226287290453911;0.6603784561157227;0.06874970346689224
88.71884155273438;0.02921137772500515;0.024185629561543465;0.052365269511938095;0.066554494202137;0.05163772404193878;0.03219880163669586;0.6623939871788025;0.06872934103012085
89.04157257080078;0.029052095487713814;0.02417844347655773;0.05237305536866188;0.06655868142843246;0.05163592845201492;0.03216227516531944;0.6598263382911682;0.06873233616352081
89.3643569946289;0.028983233496546745;0.02405449189245701;0.052188023924827576;0.06647125631570816;0.05156107619404793;0.032258082181215286;0.6599814295768738;0.06873413175344467
89.68706512451172;0.028935927897691727;0.024077843874692917;0.0521928146481514;0.06631497293710709;0.05149520933628082;0.03221137821674347;0.6610886454582214;0.06874730437994003
90.00984954833984;0.029083233326673508;0.024242514744400978;0.05218203738331795;0.06628323346376419;0.05149281397461891;0.032069459557533264;0.6612185835838318;0.0687401220202446
90.33258056640625;0.02921317331492901;0.024240119382739067;0.05227305367588997;0.06641856580972672;0.05151257663965225;0.032043714076280594;0.6612886190414429;0.0687413141131401
90.65532684326172;0.029030539095401764;0.02407245524227619;0.05221496894955635;0.06649161875247955;0.05156107619404793;0.032013773918151855;0.6600748300552368;0.06875568628311157
90.9780502319336;0.029085030779242516;0.024117963388562202;0.052161674946546555;0.06629520654678345;0.05148802325129509;0.03200000151991844;0.6576233506202698;0.06874311715364456
91.30084228515625;0.029250897467136383;0.024226346984505653;0.05220119655132294;0.0663389191031456;0.05140957981348038;0.03201916068792343;0.6571131944656372;0.06873533129692078
91.62355041503906;0.02904490940272808;0.024264071136713028;0.05227724462747574;0.06650838255882263;0.051526349037885666;0.0322173647582531;0.6544167399406433;0.06873592734336853
91.94629669189453;0.02882874198257923;0.024287424981594086;0.05228622630238533;0.06653174012899399;0.05150778591632843;0.03232395276427269;0.6517239809036255;0.0687413141131401
92.2690658569336;0.028662873432040215;0.023995809257030487;0.05219161510467529;0.06644131988286972;0.05156826227903366;0.03225988149642944;0.6593952178955078;0.06874970346689224
92.59178924560547;0.029105987399816513;0.024202395230531693;0.052220359444618225;0.06637784093618393;0.05155868083238602;0.03220479190349579;0.6564688682556152;0.06875089555978775
92.9145736694336;0.029076647013425827;0.024350298568606377;0.052261676639318466;0.06645508855581284;0.0515119768679142;0.03225868195295334;0.6641191840171814;0.06873293220996857
93.23727416992188;0.02912035956978798;0.024301797151565552;0.05226826295256615;0.06652634590864182;0.05155329406261444;0.032204192131757736;0.6587095856666565;0.06873712688684464
93.56000518798828;0.028935329988598824;0.024109581485390663;0.052308980375528336;0.06653472781181335;0.05154251679778099;0.03230419009923935;0.6606892347335815;0.06873832643032074
93.88277435302734;0.028957484290003777;0.024086227640509605;0.05226946249604225;0.06637305021286011;0.05146287381649017;0.03236706554889679;0.6574491262435913;0.06873353570699692
94.2055435180664;0.028755689039826393;0.023573054000735283;0.052122753113508224;0.0660359263420105;0.051513172686100006;0.0325646698474884;0.6565808653831482;0.06871557235717773
94.5282974243164;0.02881137654185295;0.02361317351460457;0.05211257562041283;0.06624850630760193;0.05152514949440956;0.032521557062864304;0.659334123134613;0.0686982050538063
94.85105895996094;0.02839161641895771;0.023917963728308678;0.05220598727464676;0.065862275660038;0.05142335221171379;0.032311975955963135;0.6620407104492188;0.06872694939374924
95.17376708984375;0.028860479593276978;0.024102993309497833;0.05218682810664177;0.06637305021286011;0.051502395421266556;0.0322934128344059;0.6612598896026611;0.06874430924654007
95.49650573730469;0.02888502925634384;0.02408323436975479;0.052173055708408356;0.06632634997367859;0.05153113603591919;0.032372456043958664;0.6636688709259033;0.06869101524353027
95.81929016113281;0.028922755271196365;0.024226946756243706;0.05227784439921379;0.06645329296588898;0.05155808478593826;0.03240479156374931;0.6562119722366333;0.06873951852321625
96.1419906616211;0.028782036155462265;0.024164071306586266;0.05230778455734253;0.06649520993232727;0.05159880220890045;0.032478444278240204;0.657059907913208;0.06873832643032074
96.4647216796875;0.028598802164196968;0.02402874268591404;0.05221975967288017;0.06652215868234634;0.05159281566739082;0.03253173828125;0.6612143516540527;0.06873413175344467
96.78751373291016;0.02858862280845642;0.024050898849964142;0.052159279584884644;0.06632634997367859;0.051510777324438095;0.032565269619226456;0.6695430874824524;0.06874670833349228
97.11023712158203;0.02873353287577629;0.024289222434163094;0.05215628817677498;0.06638083606958389;0.05153772607445717;0.03247784450650215;0.6675503253936768;0.06874311715364456
97.4330062866211;0.028736526146531105;0.024263473227620125;0.05216347426176071;0.06658083945512772;0.05145568773150444;0.03258383274078369;0.6666048169136047;0.06874191761016846
97.7557144165039;0.028561675921082497;0.024202993139624596;0.0523119755089283;0.06657664477825165;0.05145389214158058;0.03244071826338768;0.6686275601387024;0.06872395426034927
98.07848358154297;0.02873532846570015;0.024146107956767082;0.05221317335963249;0.06627664715051651;0.0514790415763855;0.03247185796499252;0.661339521408081;0.06872934103012085
98.4012222290039;0.02870059944689274;0.024237724021077156;0.052250899374485016;0.06637245416641235;0.05150598660111427;0.032662276178598404;0.6612239480018616;0.06874730437994003
98.7239761352539;0.028791017830371857;0.024243712425231934;0.0522904209792614;0.06650778651237488;0.05155448988080025;0.03247664496302605;0.6619305610656738;0.06871376931667328
99.04674530029297;0.02872275374829769;0.024215569719672203;0.05228622630238533;0.06652754545211792;0.05155149847269058;0.03249940276145935;0.6662940382957458;0.06873951852321625
99.36946105957031;0.028706585988402367;0.024186227470636368;0.052259281277656555;0.0665023922920227;0.05153113603591919;0.03249520808458328;0.6613928079605103;0.0687413141131401
99.69223022460938;0.028693413361907005;0.024183234199881554;0.05222095921635628;0.06640898436307907;0.05144011974334717;0.03248563036322594;0.6646724343299866;0.0687514990568161
100.01496887207031;0.028770659118890762;0.024273652583360672;0.05219521000981331;0.066404789686203;0.05155988037586212;0.03242335468530655;0.6607874035835266;0.06873113662004471
100.3377456665039;0.028760479763150215;0.024089820683002472;0.05219341441988945;0.0665329322218895;0.051605988293886185;0.03242095932364464;0.6608778238296509;0.06873054057359695
100.66046142578125;0.028710179030895233;0.024023951962590218;0.05224790424108505;0.06648442894220352;0.051603592932224274;0.03236047923564911;0.6581742763519287;0.06873233616352081
100.98322296142578;0.02869401127099991;0.024003593251109123;0.0521395206451416;0.0662856251001358;0.05155568942427635;0.03248143568634987;0.659469485282898;0.06873951852321625
101.30596923828125;0.028687424957752228;0.024059880524873734;0.05206586793065071;0.06640239804983139;0.051895808428525925;0.0325862281024456;0.6585454940795898;0.06874790787696838
101.62869262695312;0.02872035838663578;0.023943113163113594;0.052291616797447205;0.06659341603517532;0.051755089312791824;0.03258203715085983;0.6616910099983215;0.06873293220996857
101.95146942138672;0.02858862280845642;0.024025749415159225;0.05229341238737106;0.06648802757263184;0.051697004586458206;0.032627545297145844;0.6628754734992981;0.06874550879001617
102.274169921875;0.02851017937064171;0.02388143725693226;0.0522155687212944;0.0664694607257843;0.051629941910505295;0.0326077826321125;0.6633353233337402;0.06873233616352081
102.596923828125;0.028492216020822525;0.024060478433966637;0.052196405827999115;0.06640898436307907;0.05155868083238602;0.03262155503034592;0.6642987728118896;0.06873832643032074
102.919677734375;0.02859041839838028;0.024173052981495857;0.052313175052404404;0.06635928153991699;0.05159880220890045;0.03251377120614052;0.6654425263404846;0.06874670833349228
103.24239349365234;0.028613174334168434;0.024185629561543465;0.05219161510467529;0.06658622622489929;0.05166586861014366;0.03252934291958809;0.6684365272521973;0.0687299370765686
103.56517028808594;0.02852814458310604;0.023661676794290543;0.05218921974301338;0.06653712689876556;0.051850900053977966;0.032608382403850555;0.6676394939422607;0.06872634589672089
103.88789367675781;0.028508981689810753;0.023766467347741127;0.05210299417376518;0.06639581173658371;0.051874250173568726;0.032441917806863785;0.6683982014656067;0.06872035562992096
104.21061706542969;0.028791017830371857;0.023813772946596146;0.052077844738960266;0.06637784093618393;0.05181976035237312;0.032480839639902115;0.6621676683425903;0.06874550879001617
104.53340148925781;0.028644312173128128;0.024096406996250153;0.052149102091789246;0.0663514956831932;0.051536526530981064;0.03239521011710167;0.6643036007881165;0.06872035562992096
104.85615539550781;0.02857784368097782;0.024109581485390663;0.05215688794851303;0.0664353296160698;0.051720958203077316;0.032316166907548904;0.6629634499549866;0.0687197595834732
105.17886352539062;0.028604190796613693;0.023949701339006424;0.052111975848674774;0.06636586785316467;0.051653891801834106;0.032335929572582245;0.6626766324043274;0.06874251365661621
105.50160217285156;0.02869461104273796;0.023950299248099327;0.05214790254831314;0.06643053889274597;0.051774851977825165;0.03233233466744423;0.664486825466156;0.06871376931667328
105.82437133789062;0.028796406462788582;0.023947305977344513;0.052196405827999115;0.06640119850635529;0.051653891801834106;0.03240838274359703;0.6632413268089294;0.06871616840362549
106.14708709716797;0.028626346960663795;0.02412634715437889;0.05226048082113266;0.06644550710916519;0.051685627549886703;0.03246886283159256;0.6609532833099365;0.0687071830034256
106.4698715209961;0.028541916981339455;0.023952096700668335;0.052179042249917984;0.06635209918022156;0.05161796510219574;0.032376646995544434;0.6626742482185364;0.06873533129692078
106.79261779785156;0.02864491008222103;0.023947305977344513;0.052181437611579895;0.06631377339363098;0.0516640730202198;0.03248563036322594;0.6619155406951904;0.06872574985027313
107.11532592773438;0.02873772382736206;0.024068862199783325;0.052226945757865906;0.06627065688371658;0.05160658806562424;0.03254610672593117;0.6644473075866699;0.06873832643032074
107.43810272216797;0.02867964096367359;0.024068264290690422;0.052294012159109116;0.06646407395601273;0.05150778591632843;0.032593414187431335;0.6652329564094543;0.0687185600399971
107.7608413696289;0.02869880199432373;0.024047305807471275;0.05218682810664177;0.06650838255882263;0.05159221589565277;0.032489221543073654;0.656446099281311;0.06871197372674942
108.08361053466797;0.02852754481136799;0.023935329169034958;0.052181437611579895;0.06632574647665024;0.0516095794737339;0.03236227482557297;0.66048264503479;0.06873472779989243
108.40634155273438;0.028758084401488304;0.024034131318330765;0.0521497018635273;0.06635389477014542;0.0515868254005909;0.03237006068229675;0.6614437103271484;0.06873233616352081
108.72905731201172;0.02874850295484066;0.024214372038841248;0.052302394062280655;0.06645269691944122;0.051549699157476425;0.03239880129694939;0.6575197577476501;0.06873772293329239
109.05181121826172;0.028744909912347794;0.024213772267103195;0.05223892256617546;0.06651975959539413;0.0515437126159668;0.0323263481259346;0.6601658463478088;0.06873413175344467
109.37459564208984;0.028744909912347794;0.024074850603938103;0.052157483994960785;0.06647545099258423;0.051591016352176666;0.03224550932645798;0.6632592678070068;0.06873772293329239
109.69732666015625;0.028773054480552673;0.024013172835111618;0.05209461227059364;0.06629101932048798;0.05162275582551956;0.032290417701005936;0.6706742644309998;0.06871437281370163
110.0200424194336;0.02888922207057476;0.024140119552612305;0.0522359274327755;0.06638921797275543;0.05162395164370537;0.03213772550225258;0.6637988090515137;0.06871676445007324
110.34280395507812;0.02898203581571579;0.024172455072402954;0.05228622630238533;0.06650359183549881;0.05155808478593826;0.032275449484586716;0.6600107550621033;0.06872634589672089
110.66554260253906;0.02861616760492325;0.02403952181339264;0.05232036113739014;0.06647904217243195;0.05159221589565277;0.0323808379471302;0.6566089987754822;0.06872694939374924
110.98831176757812;0.028635328635573387;0.0239874254912138;0.052155688405036926;0.06622394919395447;0.0516844317317009;0.032361675053834915;0.6700568795204163;0.06873293220996857
111.31102752685547;0.028883233666419983;0.024076048284769058;0.05218862369656563;0.06632395088672638;0.05157844349741936;0.032335929572582245;0.66419517993927;0.06873113662004471
111.63374328613281;0.02888263389468193;0.02411556802690029;0.052241917699575424;0.06645329296588898;0.0515664666891098;0.03240179643034935;0.6661778688430786;0.06873174011707306
111.95648193359375;0.028643114492297173;0.024235928431153297;0.05224071815609932;0.06651796400547028;0.05151616781949997;0.03231377154588699;0.6656317114830017;0.06872455030679703
112.27926635742188;0.028631137683987617;0.024068264290690422;0.05217185616493225;0.06638742238283157;0.05146287381649017;0.032420359551906586;0.665607213973999;0.06873113662004471
112.60202026367188;0.028619760647416115;0.024099400267004967;0.052250299602746964;0.06619281321763992;0.05141077935695648;0.03239041939377785;0.6673341393470764;0.06873293220996857
112.92473602294922;0.02883892133831978;0.02425389178097248;0.052376046776771545;0.0662844330072403;0.05142934247851372;0.03238203749060631;0.6635281443595886;0.06872335076332092
113.24752044677734;0.02890179678797722;0.024225149303674698;0.052347905933856964;0.06647365540266037;0.05152934044599533;0.032593414187431335;0.6618006229400635;0.06872814148664474
113.57025146484375;0.02889161743223667;0.024047305807471275;0.05231377109885216;0.06657185405492783;0.05160239338874817;0.032394010573625565;0.6651257276535034;0.06875029951334
113.89300537109375;0.028732335194945335;0.023928143084049225;0.05222634598612785;0.06631018221378326;0.05155089870095253;0.03240419179201126;0.6642826199531555;0.06872574985027313
114.21571350097656;0.02893473021686077;0.02418443188071251;0.0522359274327755;0.06636107712984085;0.05155389383435249;0.032370660454034805;0.6615239381790161;0.06872574985027313
114.5384521484375;0.028875449672341347;0.024170059710741043;0.05240119621157646;0.06652754545211792;0.05164970085024834;0.03245329484343529;0.6588957905769348;0.06871796399354935
114.86121368408203;0.028698204085230827;0.024020958691835403;0.05219161510467529;0.06657664477825165;0.05162395164370537;0.032388024032115936;0.6612586975097656;0.06872574985027313
115.18396759033203;0.028781436383724213;0.02400718629360199;0.0522155687212944;0.06647484749555588;0.051688022911548615;0.032320357859134674;0.6508377194404602;0.06874311715364456
115.50674438476562;0.028818562626838684;0.024069461971521378;0.05204371362924576;0.06633233278989792;0.05159341171383858;0.03237425163388252;0.6580443382263184;0.06872754544019699
115.8294448852539;0.028804192319512367;0.024204790592193604;0.05222515016794205;0.06645209342241287;0.051599401980638504;0.032361675053834915;0.6531065702438354;0.06872215867042542
116.15218353271484;0.028859879821538925;0.024166466668248177;0.052261076867580414;0.0665658712387085;0.051675450056791306;0.0323796421289444;0.6653509140014648;0.06870120018720627
116.47494506835938;0.028570659458637238;0.02397006005048752;0.05214790254831314;0.06658922135829926;0.05163053795695305;0.03250179812312126;0.6485018134117126;0.06873353570699692
116.79766845703125;0.028615569695830345;0.024040717631578445;0.05213712528347969;0.06644730269908905;0.05168981850147247;0.03255808353424072;0.6478113532066345;0.0687197595834732
117.12044525146484;0.028622156009078026;0.024211376905441284;0.05222335457801819;0.06637724488973618;0.051565270870923996;0.032463472336530685;0.6450419425964355;0.06871437281370163
117.44315338134766;0.028797604143619537;0.02419940195977688;0.05230538919568062;0.06654251366853714;0.05159700661897659;0.03257066011428833;0.651547908782959;0.06872395426034927
117.76593780517578;0.02858443185687065;0.02398562803864479;0.052224550396203995;0.06658802181482315;0.05170419067144394;0.03242155537009239;0.6511946320533752;0.06873174011707306
118.0886459350586;0.028736526146531105;0.02394431084394455;0.05216586962342262;0.06643892079591751;0.05167245492339134;0.03254730626940727;0.6520748734474182;0.06875089555978775
118.41145324707031;0.02878742478787899;0.024038922041654587;0.05220359191298485;0.06643233448266983;0.0516844317317009;0.03259401023387909;0.6384275555610657;0.06874191761016846
118.73416137695312;0.028622156009078026;0.02412634715437889;0.05228443071246147;0.06632395088672638;0.05155089870095253;0.03264850378036499;0.636879026889801;0.06871557235717773
119.05689239501953;0.02841736562550068;0.02416706643998623;0.05224311351776123;0.06656526774168015;0.05169640854001045;0.03260119631886482;0.6627939939498901;0.06871557235717773
119.37962341308594;0.028345508500933647;0.023999400436878204;0.05225209519267082;0.06648143380880356;0.051649101078510284;0.03265748545527458;0.6553952097892761;0.06873113662004471
119.70238494873047;0.028466466814279556;0.0239988025277853;0.05215389281511307;0.06638443470001221;0.051497604697942734;0.032679639756679535;0.6484766602516174;0.06873533129692078
120.02515411376953;0.0285299401730299;0.024190418422222137;0.052144911140203476;0.06637245416641235;0.051514968276023865;0.032742515206336975;0.6611748337745667;0.06872395426034927
120.34783935546875;0.028509581461548805;0.024269461631774902;0.05226826295256615;0.06657904386520386;0.05152934044599533;0.032686226069927216;0.6566599011421204;0.06870419532060623
120.67062377929688;0.02840419113636017;0.024049701169133186;0.052252694964408875;0.06655868142843246;0.051627546548843384;0.0326065868139267;0.6616017818450928;0.06872395426034927
